xflr5 v6.62

 Calculated polar for: e423

 1 1 Reynolds number fixed          Mach number fixed         

 xtrf =   1.000 (top)        1.000 (bottom)
 Mach =   0.000     Re =     0.200 e 6     Ncrit =   9.000

  alpha     CL        CD       CDp       Cm    Top Xtr Bot Xtr   Cpmin    Chinge    XCp    
 ------- -------- --------- --------- -------- ------- ------- -------- --------- ---------
  -5.000   0.4817   0.05882   0.05395  -0.1807  0.7355  0.0624  -1.1284   0.0000   0.0000   0.0000   0.6372
  -4.500   0.5071   0.05573   0.05084  -0.1765  0.7267  0.0664  -1.0401   0.0000   0.0000   0.0000   0.6083
  -4.000   0.5603   0.05057   0.04560  -0.1881  0.7177  0.0742  -1.0645   0.0000   0.0000   0.0000   0.5941
  -3.000   0.7668   0.02409   0.01749  -0.2384  0.7012  0.0629  -1.5946   0.0000   0.0000   0.0000   0.5656
  -2.500   0.8382   0.02125   0.01392  -0.2432  0.6944  0.0688  -1.4728   0.0000   0.0000   0.0000   0.5436
  -2.000   0.8919   0.02004   0.01236  -0.2435  0.6855  0.0786  -1.3051   0.0000   0.0000   0.0000   0.5253
  -1.500   0.9525   0.01921   0.01118  -0.2446  0.6777  0.0926  -1.2823   0.0000   0.0000   0.0000   0.5079
  -1.000   1.0077   0.01904   0.01092  -0.2447  0.6704  0.1126  -1.3252   0.0000   0.0000   0.0000   0.4930
  -0.500   1.0600   0.01898   0.01083  -0.2441  0.6618  0.1385  -1.3668   0.0000   0.0000   0.0000   0.4794
   0.000   1.1211   0.01908   0.01079  -0.2451  0.6551  0.1703  -1.4177   0.0000   0.0000   0.0000   0.4668
   0.500   1.1667   0.01944   0.01122  -0.2433  0.6467  0.1994  -1.4567   0.0000   0.0000   0.0000   0.4558
   1.000   1.2215   0.01956   0.01131  -0.2432  0.6390  0.2296  -1.5040   0.0000   0.0000   0.0000   0.4455
   1.500   1.2768   0.01980   0.01155  -0.2433  0.6321  0.2592  -1.5540   0.0000   0.0000   0.0000   0.4360
   2.000   1.3222   0.02013   0.01197  -0.2416  0.6236  0.2884  -1.5960   0.0000   0.0000   0.0000   0.4273
   2.500   1.3802   0.02015   0.01197  -0.2422  0.6167  0.3244  -1.6498   0.0000   0.0000   0.0000   0.4191
   3.000   1.4272   0.02057   0.01260  -0.2410  0.6090  0.3671  -1.6960   0.0000   0.0000   0.0000   0.4116
   3.500   1.4761   0.02058   0.01308  -0.2401  0.6009  0.5156  -1.7443   0.0000   0.0000   0.0000   0.4045
   4.000   1.5322   0.02034   0.01308  -0.2400  0.5945  1.0000  -1.8027   0.0000   0.0000   0.0000   0.3975
   4.500   1.5681   0.02125   0.01407  -0.2367  0.5858  1.0000  -1.8429   0.0000   0.0000   0.0000   0.3909
   5.000   1.6186   0.02165   0.01438  -0.2360  0.5780  1.0000  -1.8991   0.0000   0.0000   0.0000   0.3848
   5.500   1.6731   0.02225   0.01492  -0.2361  0.5713  1.0000  -1.9591   0.0000   0.0000   0.0000   0.3792
   6.000   1.7045   0.02311   0.01593  -0.2320  0.5619  1.0000  -2.0024   0.0000   0.0000   0.0000   0.3733
   6.500   1.7610   0.02340   0.01613  -0.2325  0.5549  1.0000  -2.0707   0.0000   0.0000   0.0000   0.3682
   7.000   1.7937   0.02443   0.01732  -0.2288  0.5461  1.0000  -2.1298   0.0000   0.0000   0.0000   0.3627
   7.500   1.8340   0.02501   0.01796  -0.2264  0.5375  1.0000  -2.2284   0.0000   0.0000   0.0000   0.3576
   8.000   1.8883   0.02548   0.01838  -0.2266  0.5298  1.0000  -2.3531   0.0000   0.0000   0.0000   0.3531
   8.500   1.9011   0.02651   0.01966  -0.2193  0.5191  1.0000  -2.4300   0.0000   0.0000   0.0000   0.3475
   9.000   1.9468   0.02648   0.01958  -0.2176  0.5078  1.0000  -2.5601   0.0000   0.0000   0.0000   0.3428
   9.500   1.9563   0.02732   0.02056  -0.2098  0.4955  1.0000  -2.6428   0.0000   0.0000   0.0000   0.3373
  10.000   1.9821   0.02822   0.02156  -0.2053  0.4850  1.0000  -2.7549   0.0000   0.0000   0.0000   0.3325
  10.500   1.9968   0.02938   0.02286  -0.1991  0.4734  1.0000  -2.8514   0.0000   0.0000   0.0000   0.3275
  11.000   2.0068   0.03109   0.02472  -0.1927  0.4619  1.0000  -2.9475   0.0000   0.0000   0.0000   0.3227
  11.500   2.0313   0.03214   0.02582  -0.1886  0.4497  1.0000  -3.0704   0.0000   0.0000   0.0000   0.3184
  12.000   2.0167   0.03549   0.02943  -0.1801  0.4363  1.0000  -3.1274   0.0000   0.0000   0.0000   0.3137
  12.500   2.0290   0.03764   0.03168  -0.1754  0.4227  1.0000  -3.2397   0.0000   0.0000   0.0000   0.3096
  13.000   2.0338   0.04042   0.03455  -0.1703  0.4077  1.0000  -3.3389   0.0000   0.0000   0.0000   0.3056
  13.500   2.0103   0.04588   0.04026  -0.1637  0.3908  1.0000  -3.3840   0.0000   0.0000   0.0000   0.3020
  14.000   1.9964   0.05127   0.04580  -0.1588  0.3727  1.0000  -3.4522   0.0000   0.0000   0.0000   0.2988
  14.500   1.9832   0.05701   0.05166  -0.1547  0.3531  1.0000  -3.5208   0.0000   0.0000   0.0000   0.2959
  15.000   1.9680   0.06328   0.05802  -0.1510  0.3311  1.0000  -3.5841   0.0000   0.0000   0.0000   0.2933
  15.500   1.9525   0.06974   0.06445  -0.1478  0.3071  1.0000  -3.6540   0.0000   0.0000   0.0000   0.2909
  16.000   1.9246   0.07826   0.07304  -0.1450  0.2812  1.0000  -3.6906   0.0000   0.0000   0.0000   0.2891
  16.500   1.8999   0.08660   0.08133  -0.1428  0.2544  1.0000  -3.7346   0.0000   0.0000   0.0000   0.2875
  17.000   1.8782   0.09467   0.08931  -0.1411  0.2296  1.0000  -3.8607   0.0000   0.0000   0.0000   0.2861
  17.500   1.8589   0.10264   0.09728  -0.1401  0.2078  1.0000  -3.9977   0.0000   0.0000   0.0000   0.2849
  18.000   1.8456   0.10976   0.10439  -0.1393  0.1899  1.0000  -4.1689   0.0000   0.0000   0.0000   0.2837
  18.500   1.8375   0.11628   0.11092  -0.1390  0.1746  1.0000  -4.3821   0.0000   0.0000   0.0000   0.2824
  19.000   1.8350   0.12200   0.11664  -0.1389  0.1616  1.0000  -4.6254   0.0000   0.0000   0.0000   0.2809
  19.500   1.8390   0.12660   0.12117  -0.1387  0.1498  1.0000  -4.9095   0.0000   0.0000   0.0000   0.2792
  20.000   1.8320   0.13346   0.12828  -0.1398  0.1401  1.0000  -5.1287   0.0000   0.0000   0.0000   0.2786


