xflr5 v6.62

 Calculated polar for: D:/Work/Lycans/final project/GOE165.dat

 1 1 Reynolds number fixed          Mach number fixed         

 xtrf =   1.000 (top)        1.000 (bottom)
 Mach =   0.000     Re =     0.200 e 6     Ncrit =   9.000

  alpha     CL        CD       CDp       Cm    Top Xtr Bot Xtr   Cpmin    Chinge    XCp    
 ------- -------- --------- --------- -------- ------- ------- -------- --------- ---------
  -0.500   0.6652   0.01313   0.00552  -0.1619  0.6947  0.4026  -1.0330   0.0000   0.0000   0.0000   0.4923
   0.000   0.7121   0.01456   0.00712  -0.1587  0.6640  0.4460  -1.0894   0.0000   0.0000   0.0000   0.4712
   0.500   0.7631   0.01463   0.00701  -0.1575  0.6261  0.4555  -1.1472   0.0000   0.0000   0.0000   0.4541
   1.000   0.8107   0.01485   0.00702  -0.1555  0.5734  0.4660  -1.2056   0.0000   0.0000   0.0000   0.4389
   1.500   0.8553   0.01517   0.00689  -0.1532  0.4900  0.4759  -1.2613   0.0000   0.0000   0.0000   0.4256
   2.000   0.9002   0.01583   0.00712  -0.1513  0.4401  0.4855  -1.3176   0.0000   0.0000   0.0000   0.4139
   2.500   0.9501   0.01642   0.00744  -0.1505  0.4135  0.4945  -1.3920   0.0000   0.0000   0.0000   0.4037
   3.000   0.9989   0.01686   0.00775  -0.1496  0.3871  0.5008  -1.4928   0.0000   0.0000   0.0000   0.3944
   3.500   1.0420   0.01734   0.00785  -0.1476  0.3271  0.5073  -1.5934   0.0000   0.0000   0.0000   0.3857
   4.000   1.0890   0.01788   0.00811  -0.1463  0.2854  0.5125  -1.6956   0.0000   0.0000   0.0000   0.3777
   4.500   1.1220   0.01972   0.00894  -0.1430  0.1282  0.5184  -1.7834   0.0000   0.0000   0.0000   0.3702
   5.000   1.1589   0.02162   0.01100  -0.1396  0.0452  0.5242  -1.8940   0.0000   0.0000   0.0000   0.3625
   5.500   1.2023   0.02257   0.01190  -0.1375  0.0140  0.5302  -1.9959   0.0000   0.0000   0.0000   0.3558
   6.000   1.2468   0.02330   0.01285  -0.1354  0.0146  0.5363  -2.0909   0.0000   0.0000   0.0000   0.3493
   6.500   1.2899   0.02412   0.01395  -0.1329  0.0165  0.5448  -2.2570   0.0000   0.0000   0.0000   0.3430
   7.000   1.3321   0.02498   0.01508  -0.1301  0.0195  0.5528  -2.6320   0.0000   0.0000   0.0000   0.3368
   7.500   1.3667   0.02622   0.01674  -0.1259  0.0219  0.5613  -2.9767   0.0000   0.0000   0.0000   0.3305
   8.000   1.3877   0.02833   0.01925  -0.1199  0.0223  0.5703  -3.2694   0.0000   0.0000   0.0000   0.3240
   8.500   1.3948   0.03131   0.02265  -0.1126  0.0226  0.5796  -3.5002   0.0000   0.0000   0.0000   0.3175
   9.000   1.3883   0.03542   0.02706  -0.1051  0.0229  0.5901  -3.6665   0.0000   0.0000   0.0000   0.3116
   9.500   1.3779   0.04054   0.03243  -0.0990  0.0234  0.6036  -3.8038   0.0000   0.0000   0.0000   0.3069
  10.000   1.3763   0.04580   0.03783  -0.0942  0.0238  0.6293  -3.9681   0.0000   0.0000   0.0000   0.3026
  11.500   1.5447   0.05934   0.05220  -0.0862  0.0232  1.0000  -5.0576   0.0000   0.0000   0.0000   0.2874


