xflr5 v6.62

 Calculated polar for: NACA 0012

 1 1 Reynolds number fixed          Mach number fixed         

 xtrf =   1.000 (top)        1.000 (bottom)
 Mach =   0.000     Re =     0.100 e 6     Ncrit =   9.000

  alpha     CL        CD       CDp       Cm    Top Xtr Bot Xtr   Cpmin    Chinge    XCp    
 ------- -------- --------- --------- -------- ------- ------- -------- --------- ---------
  -5.000  -0.6142   0.01676   0.00846   0.0078  1.0000  0.3639  -1.9960   0.0000   0.0000   0.0000   0.2568
  -4.500  -0.5763   0.01585   0.00793   0.0113  1.0000  0.4444  -1.7860   0.0000   0.0000   0.0000   0.2641
  -4.000  -0.5368   0.01520   0.00757   0.0147  1.0000  0.5219  -1.5866   0.0000   0.0000   0.0000   0.2722
  -3.500  -0.4960   0.01472   0.00739   0.0180  1.0000  0.5966  -1.4055   0.0000   0.0000   0.0000   0.2817
  -3.000  -0.4548   0.01441   0.00736   0.0215  1.0000  0.6688  -1.2316   0.0000   0.0000   0.0000   0.2930
  -2.500  -0.4138   0.01431   0.00751   0.0253  1.0000  0.7388  -1.0809   0.0000   0.0000   0.0000   0.3073
  -2.000  -0.3737   0.01447   0.00782   0.0296  1.0000  0.8066  -0.9449   0.0000   0.0000   0.0000   0.3255
  -1.500  -0.3309   0.01493   0.00837   0.0334  1.0000  0.8723  -0.8214   0.0000   0.0000   0.0000   0.3478
  -1.000  -0.2586   0.01574   0.00916   0.0311  1.0000  0.9311  -0.6839   0.0000   0.0000   0.0000   0.3672
  -0.500  -0.1360   0.01659   0.00988   0.0176  1.0000  0.9710  -0.5328   0.0000   0.0000   0.0000   0.3770
   0.000   0.0000   0.01696   0.01022  -0.0000  1.0000  1.0000  -0.4088   0.0000   0.0000   0.0000   0.3729
   0.500   0.1360   0.01659   0.00988  -0.0176  0.9710  1.0000  -0.5328   0.0000   0.0000   0.0000   0.3769
   1.000   0.2585   0.01574   0.00916  -0.0310  0.9311  1.0000  -0.6839   0.0000   0.0000   0.0000   0.3672
   1.500   0.3308   0.01493   0.00837  -0.0334  0.8723  1.0000  -0.8213   0.0000   0.0000   0.0000   0.3478
   2.000   0.3736   0.01447   0.00782  -0.0296  0.8067  1.0000  -0.9448   0.0000   0.0000   0.0000   0.3255
   2.500   0.4137   0.01431   0.00751  -0.0253  0.7388  1.0000  -1.0807   0.0000   0.0000   0.0000   0.3073
   3.000   0.4547   0.01441   0.00736  -0.0215  0.6688  1.0000  -1.2315   0.0000   0.0000   0.0000   0.2930
   3.500   0.4959   0.01472   0.00738  -0.0180  0.5966  1.0000  -1.4054   0.0000   0.0000   0.0000   0.2816
   4.000   0.5367   0.01519   0.00757  -0.0146  0.5220  1.0000  -1.5864   0.0000   0.0000   0.0000   0.2722
   4.500   0.5762   0.01585   0.00793  -0.0112  0.4445  1.0000  -1.7858   0.0000   0.0000   0.0000   0.2640
   5.000   0.6141   0.01676   0.00846  -0.0078  0.3639  1.0000  -1.9958   0.0000   0.0000   0.0000   0.2568
   5.500   0.6501   0.01802   0.00926  -0.0043  0.2853  1.0000  -2.2023   0.0000   0.0000   0.0000   0.2502
   6.000   0.6861   0.01960   0.01053  -0.0009  0.2185  1.0000  -2.4040   0.0000   0.0000   0.0000   0.2445
   6.500   0.7230   0.02147   0.01205   0.0023  0.1735  1.0000  -2.6391   0.0000   0.0000   0.0000   0.2396
   7.000   0.7626   0.02351   0.01399   0.0051  0.1432  1.0000  -2.8737   0.0000   0.0000   0.0000   0.2356
   7.500   0.8033   0.02587   0.01629   0.0075  0.1216  1.0000  -3.1107   0.0000   0.0000   0.0000   0.2325
   8.000   0.8462   0.02878   0.01934   0.0097  0.1076  1.0000  -3.3331   0.0000   0.0000   0.0000   0.2300
   8.500   0.8864   0.03176   0.02244   0.0118  0.0954  1.0000  -3.5566   0.0000   0.0000   0.0000   0.2276
   9.000   0.9230   0.03504   0.02617   0.0146  0.0870  1.0000  -3.7928   0.0000   0.0000   0.0000   0.2247
   9.500   0.9516   0.04034   0.03201   0.0176  0.0824  1.0000  -3.9696   0.0000   0.0000   0.0000   0.2215
  10.000   0.9625   0.04609   0.03870   0.0221  0.0785  1.0000  -4.0481   0.0000   0.0000   0.0000   0.2166
  10.500   0.9925   0.05049   0.04301   0.0236  0.0723  1.0000  -4.3188   0.0000   0.0000   0.0000   0.2152
  11.000   0.9745   0.05803   0.05137   0.0286  0.0714  1.0000  -4.2657   0.0000   0.0000   0.0000   0.2091
  11.500   0.9384   0.06618   0.06003   0.0328  0.0716  1.0000  -4.1526   0.0000   0.0000   0.0000   0.2028
  12.000   0.7511   0.10025   0.09486   0.0116  0.0852  1.0000  -2.9667   0.0000   0.0000   0.0000   0.2215
  13.000   0.6386   0.15004   0.14445  -0.0187  0.1332  1.0000  -1.7263   0.0000   0.0000   0.0000   0.2666
  13.500   0.6670   0.15705   0.15154  -0.0175  0.1261  1.0000  -1.8474   0.0000   0.0000   0.0000   0.2631
  14.000   0.6513   0.16567   0.16008  -0.0240  0.1206  1.0000  -1.6953   0.0000   0.0000   0.0000   0.2730
  14.500   0.6654   0.17263   0.16706  -0.0258  0.1131  1.0000  -1.7236   0.0000   0.0000   0.0000   0.2743
  15.000   0.6923   0.18297   0.17742  -0.0256  0.1099  1.0000  -1.8034   0.0000   0.0000   0.0000   0.2721
  15.500   0.6768   0.18789   0.18227  -0.0334  0.1025  1.0000  -1.6288   0.0000   0.0000   0.0000   0.2838
  16.000   0.7193   0.19908   0.19353  -0.0301  0.0966  1.0000  -1.8445   0.0000   0.0000   0.0000   0.2760
  16.500   0.6994   0.20217   0.19654  -0.0399  0.0900  1.0000  -1.6279   0.0000   0.0000   0.0000   0.2902
  17.000   0.7241   0.20994   0.20435  -0.0401  0.0851  1.0000  -1.7654   0.0000   0.0000   0.0000   0.2879
  17.500   0.7305   0.21778   0.21218  -0.0449  0.0829  1.0000  -1.7111   0.0000   0.0000   0.0000   0.2934
  18.000   0.7385   0.22375   0.21813  -0.0505  0.0771  1.0000  -1.6595   0.0000   0.0000   0.0000   0.2996
  18.500   0.7589   0.23115   0.22557  -0.0520  0.0734  1.0000  -1.7553   0.0000   0.0000   0.0000   0.2990
  19.000   0.7800   0.24230   0.23672  -0.0535  0.0718  1.0000  -1.8265   0.0000   0.0000   0.0000   0.2984
  19.500   0.7816   0.24519   0.23957  -0.0621  0.0681  1.0000  -1.6693   0.0000   0.0000   0.0000   0.3084
  20.000   0.7975   0.25189   0.24629  -0.0658  0.0643  1.0000  -1.6844   0.0000   0.0000   0.0000   0.3107


